-0.00013 0.01277 0.00501 -0.01884 -1.72992 -0.00180 -0.01639 0.00708 -1.71669 1.81322
0.00182 0.00000 0.00025 -0.00354 -0.01529 -0.00033 0.01496 -0.01188 0.01348 -0.01396
0.00296 -0.00721 0.00003 0.94325 -0.00359 -0.00741 1.27258 -0.01248 -0.00232 -1.82865
-0.00036 0.00225 -0.00012 0.00023 -0.00030 -0.00623 -0.01098 -0.00642 -0.01273 -0.01376
0.00086 -0.00880 -0.01184 -0.61542 -0.00014 0.00563 0.00663 -0.00876 1.28466 0.00606
-0.00212 -1.81263 0.00982 -0.00475 0.01999 -0.00008 -0.78073 0.00454 -0.00522 0.01763
-0.00109 0.00702 0.00015 -0.00628 0.00022 0.00010 0.00029 -0.00041 0.00002 -0.00016
0.01279 -0.01065 -0.00841 -0.01621 0.00069 0.00280 -0.01854 -0.00013 -0.01081 0.01083
0.00018 -0.00366 -0.00541 0.01263 0.00016 0.00405 -2.00736 -0.01017 -0.00000 0.00232
-0.00004 0.00268 -0.00002 -0.01119 -0.01028 0.00053 -1.66733 0.01541 -0.01891 0.00003
