0.00000 0.00000 0.00000 0.00000 -1.73342 0.00000 0.00000 0.00000 -1.64192 1.83869
0.00000 0.00000 0.00000 0.00000 0.00000 0.00000 0.00000 0.00000 0.00000 0.00000
0.00000 0.00000 0.00000 0.92553 0.00000 0.00000 1.22181 0.00000 0.00000 -1.76237
0.00000 0.00000 0.00000 0.00000 0.00000 0.00000 0.00000 0.00000 0.00000 0.00000
0.00000 0.00000 0.00000 -0.61357 0.00000 0.00000 0.00000 0.00000 1.26996 0.00000
0.00000 -1.81189 0.00000 0.00000 0.00000 0.00000 -0.76027 0.00000 0.00000 0.00000
0.00000 0.00000 0.00000 0.00000 0.00000 0.00000 0.00000 0.00000 0.00000 0.00000
0.00000 0.00000 0.00000 0.00000 0.00000 0.00000 0.00000 0.00000 0.00000 0.00000
0.00000 0.00000 0.00000 0.00000 0.00000 0.00000 -1.97736 0.00000 0.00000 0.00000
0.00000 0.00000 0.00000 0.00000 0.00000 0.00000 -1.67988 0.00000 0.00000 0.00000
